-------MEASUREMENT DATA---------

body.stl

ID : Dist [pointA][pointB]
M0 : 14.4883 [12710.5, 8787.21, 1.79952] [12712, 8801.56, 3.0777] 
M1 : 1.70837 [12709.7, 8793.14, 3.0622] [12709.1, 8794.15, 1.81659] 
M2 : 2.01097 [12709.1, 8794.8, 2.14443] [12709.2, 8795.55, 0.281475] 
M3 : 4.00393 [12709.1, 8792.12, 0.0156195] [12710.2, 8793.87, 3.4509] 
M4 : 7.39458 [12712.7, 8793.84, 3.59482] [12713.8, 8787.34, 0.233178] 
